(2, [1, 95, 112, 3, 4, 5, 6, 7, 8, 9])
(4, [13, 16, 19, 30, 38, 46, 83, 85, 89, 125])
(6, [19, 52, 63, 91, 522, 621, 1, 2, 3, 4])
(8, [12, 24, 28, 16, 14, 15, 18, 27, 29, 30])
(10, [83, 18, 38, 89, 3, 29, 41, 53, 55, 85])
(12, [28, 8, 18, 24, 22, 46, 53, 1, 2, 4])
(14, [8, 15, 17, 18, 27, 50, 72, 74, 77, 80])
(16, [28, 24, 8, 29, 85, 3, 4, 17, 41, 46])
(18, [12, 10, 38, 83, 8, 14, 15, 27, 28, 53])
(20, [2, 3, 4, 6, 7, 8, 9, 10, 11, 12])
(22, [12, 38, 1, 2, 3, 4, 5, 6, 7, 8])
(24, [8, 12, 16, 17, 89, 29, 30, 46, 67, 1])
(26, [19, 28, 53, 1, 2, 3, 4, 5, 6, 7])
(28, [12, 16, 8, 18, 19, 26, 29, 30, 46, 67])
(30, [89, 38, 85, 3, 4, 8, 24, 28, 29, 41])
(32, [1, 2, 3, 4, 5, 6, 7, 8, 9, 10])
(34, [1, 2, 3, 4, 5, 6, 7, 8, 9, 10])
(36, [40, 1, 2, 3, 4, 5, 6, 7, 8, 9])
(38, [83, 85, 53, 10, 18, 30, 3, 4, 17, 22])
(40, [36, 1, 2, 3, 4, 5, 6, 7, 8, 9])
(42, [1, 2, 3, 4, 5, 6, 7, 8, 9, 10])
(44, [1, 2, 3, 4, 5, 6, 7, 8, 9, 10])
(46, [4, 12, 16, 24, 28, 29, 72, 83, 85, 89])
(48, [1, 2, 3, 4, 5, 6, 7, 8, 9, 10])
(50, [14, 17, 1, 2, 3, 4, 5, 6, 7, 8])
(52, [6, 53, 91, 1, 2, 3, 4, 5, 7, 8])
(54, [1, 2, 3, 4, 5, 6, 7, 8, 9, 10])
(56, [57, 59, 60, 61, 1, 2, 3, 4, 5, 6])
(58, [1, 2, 3, 4, 5, 6, 7, 8, 9, 10])
(60, [56, 61, 1, 2, 3, 4, 5, 6, 7, 8])
(62, [1, 2, 3, 4, 5, 6, 7, 8, 9, 10])
(64, [81, 336, 343, 387, 663, 1, 2, 3, 4, 5])
(66, [1, 2, 3, 4, 5, 6, 7, 8, 9, 10])
(68, [1, 2, 3, 4, 5, 6, 7, 8, 9, 10])
(70, [1, 2, 3, 4, 5, 6, 7, 8, 9, 10])
(72, [80, 14, 15, 18, 27, 38, 46, 74, 77, 83])
(74, [8, 14, 15, 18, 27, 72, 77, 80, 1, 2])
(76, [1, 2, 3, 4, 5, 6, 7, 8, 9, 10])
(78, [1, 2, 3, 4, 5, 6, 7, 8, 9, 10])
(80, [27, 72, 8, 14, 18, 74, 77, 1, 2, 3])
(82, [1, 2, 3, 4, 5, 6, 7, 8, 9, 10])
(84, [81, 336, 339, 93, 368, 1, 2, 3, 4, 5])
(86, [1, 2, 3, 4, 5, 6, 7, 8, 9, 10])
(88, [1, 2, 3, 4, 5, 6, 7, 8, 9, 10])
(90, [92, 1, 2, 3, 4, 5, 6, 7, 8, 9])
(92, [90, 1, 2, 3, 4, 5, 6, 7, 8, 9])
(94, [1, 2, 3, 4, 5, 6, 7, 8, 9, 10])
(0, [337, 352, 125, 135, 343, 451, 543, 623, 95, 98])
(98, [0, 17, 21, 96, 97, 99, 100, 101, 102, 103])
(274, [254, 250, 251, 255, 267, 248, 256, 259, 261, 268])
(444, [0, 4, 19, 438, 439, 440, 441, 443, 445, 446])
(128, [99, 100, 103, 115, 120, 122, 131, 134, 140, 149])
(134, [128, 150, 155, 159, 169, 0, 19, 26, 28, 53])
(150, [127, 96, 97, 102, 104, 109, 110, 118, 129, 130])
(242, [0, 17, 19, 437, 656, 660, 926, 975])
(956, [0, 39, 43, 935, 936, 937, 938, 939, 940, 941])
(112, [2, 130, 1, 17, 96, 97, 98, 99, 100, 101])
(130, [112, 127, 135, 144, 150, 171, 2, 17, 96, 97])
(96, [102, 193, 104, 97, 126, 129, 150, 165, 187, 17])
(100, [128, 131, 17, 96, 97, 98, 99, 101, 102, 103])
(102, [96, 104, 97, 129, 150, 165, 182, 185, 193, 17])
(104, [96, 102, 129, 150, 156, 165, 179, 182, 185, 17])
(106, [17, 96, 97, 98, 99, 100, 101, 102, 103, 104])
(108, [17, 96, 97, 98, 99, 100, 101, 102, 103, 104])
(110, [213, 116, 127, 144, 146, 150, 167, 17, 96, 97])
(114, [17, 96, 97, 98, 99, 100, 101, 102, 103, 104])
(116, [109, 110, 118, 140, 144, 17, 96, 97, 98, 99])
(118, [109, 107, 116, 127, 144, 150, 167, 213, 240, 17])
(122, [115, 17, 103, 120, 128, 164, 170, 96, 97, 98])
(124, [17, 96, 97, 98, 99, 100, 101, 102, 103, 104])
(126, [96, 181, 182, 193, 17, 97, 98, 99, 100, 101])
(132, [17, 96, 97, 98, 99, 100, 101, 102, 103, 104])
(136, [17, 96, 97, 98, 99, 100, 101, 102, 103, 104])
(138, [17, 166, 168, 96, 97, 98, 99, 100, 101, 102])
(140, [107, 245, 116, 127, 128, 144, 150, 17, 96, 97])
(142, [121, 164, 17, 72, 80, 96, 97, 98, 99, 100])
(144, [109, 110, 116, 118, 127, 130, 140, 150, 171, 17])
(146, [17, 107, 110, 137, 150, 151, 167, 96, 97, 98])
(148, [17, 96, 97, 98, 99, 100, 101, 102, 103, 104])
(152, [17, 96, 97, 98, 99, 100, 101, 102, 103, 104])
(154, [17, 96, 97, 98, 99, 100, 101, 102, 103, 104])
(156, [104, 120, 179, 17, 96, 98, 99, 100, 101, 102])
(158, [169, 17, 96, 97, 98, 99, 100, 101, 102, 103])
(160, [115, 149, 17, 103, 120, 128, 164, 170, 96, 97])
(162, [17, 96, 97, 98, 99, 100, 101, 102, 103, 104])
(164, [17, 99, 103, 115, 117, 120, 121, 122, 128, 142])
(166, [17, 138, 161, 168, 96, 97, 98, 99, 100, 101])
(168, [17, 138, 166, 96, 97, 98, 99, 100, 101, 102])
(170, [115, 122, 150, 160, 17, 96, 97, 98, 100, 101])
(172, [17, 96, 97, 98, 99, 100, 101, 102, 103, 104])
(174, [17, 96, 97, 98, 99, 100, 101, 102, 103, 104])
(176, [17, 96, 97, 98, 99, 100, 101, 102, 103, 104])
(178, [97, 120, 181, 17, 96, 98, 99, 100, 101, 102])
(180, [17, 96, 97, 98, 99, 100, 101, 102, 103, 104])
(184, [17, 96, 97, 98, 99, 100, 101, 102, 103, 104])
(186, [17, 96, 97, 98, 99, 100, 101, 102, 103, 104])
(188, [17, 96, 97, 98, 99, 100, 101, 102, 103, 104])
(190, [17, 96, 97, 98, 99, 100, 101, 102, 103, 104])
(194, [17, 96, 97, 98, 99, 100, 101, 102, 103, 104])
(120, [182, 185, 192, 17, 99, 103, 115, 122, 128, 149])
(182, [120, 192, 102, 104, 126, 17, 97, 98, 99, 100])
(192, [120, 181, 182, 185, 187, 17, 97, 98, 99, 100])
(926, [19, 242, 437, 925, 975])
(576, [598, 554, 570, 614, 560, 574, 615, 523, 524, 526])
(606, [545, 560, 576, 614, 621, 31, 351, 523, 524, 525])
(614, [576, 598, 615, 523, 524, 526, 527, 531, 534, 536])
(934, [36, 87, 223, 273, 338, 439, 557, 626, 638])
(352, [337, 382, 0, 341, 371, 376, 381, 387, 451, 93])
(336, [728, 64, 739, 81, 84, 704, 546, 663, 677, 682])
(858, [64, 336, 343, 352, 381, 387, 854, 855, 856, 857])
(368, [339, 84, 371, 376, 656, 663, 64, 81, 93, 337])
(682, [336, 685, 702, 719, 728, 64, 343, 352, 359, 377])
(702, [682, 719, 728, 64, 336, 377, 385, 387, 657, 658])
(728, [336, 367, 387, 692, 704, 705, 736, 739, 795, 377])
(450, [0, 4, 438, 439, 440, 441, 442, 443, 444, 445])
(364, [365, 372, 0, 337, 338, 339, 340, 341, 342, 343])
(376, [339, 352, 368, 371, 382, 385, 84, 93, 337, 338])
(382, [352, 339, 376, 84, 93, 337, 338, 340, 341, 342])
(822, [93, 84, 336, 339, 352, 368, 376, 382, 656, 663])
(656, [385, 778, 759, 774, 367, 371, 768, 387, 770, 795])
(476, [0, 317, 323, 475, 962])
(962, [0, 476, 935, 936, 937, 938, 939, 940, 941, 942])
(758, [776, 826, 343, 656, 693, 749, 774, 795, 829, 0])
(696, [677, 735, 343, 371, 658, 668, 681, 686, 691, 692])
(384, [385, 343, 363, 371, 394, 656, 93, 101, 265, 337])
(770, [656, 385, 677, 692, 797, 93, 265, 343, 363, 371])
(778, [656, 735, 93, 385, 695, 705, 753, 768, 265, 343])
(820, [656, 93, 265, 343, 363, 371, 384, 385, 677, 691])
(670, [768, 93, 676, 677, 692, 693, 695, 721, 724, 728])
(762, [390, 699, 735, 336, 367, 371, 381, 656, 658, 677])
(768, [656, 776, 670, 698, 764, 778, 787, 791, 806, 93])
(742, [668, 670, 686, 692, 695, 696, 701, 752, 93, 383])
(196, [95, 120, 156, 178, 179, 181])
(240, [95, 189, 233, 118, 146, 167])
(200, [95, 99, 149, 150, 160])
(214, [95, 121, 142, 164, 233])
(226, [95, 100, 128, 131, 245])
(210, [95, 169, 544])
(544, [576, 588, 613, 621, 95, 169, 210, 523, 524, 525])
(204, [95, 134])
(218, [95, 161, 166])
(394, [385, 387, 390, 339, 378, 384, 656, 101, 337, 338])
(690, [672, 693, 737, 749, 755, 764, 101, 384, 385, 394])
(198, [191, 250, 420, 482, 506])
(250, [267, 274, 248, 251, 252, 255, 256, 259, 261, 268])
(420, [423, 425, 427, 432, 424, 428, 429, 191, 198, 250])
(482, [191, 198, 250, 420])
(506, [488, 489, 491, 492, 497, 499, 504, 505, 508, 509])
(350, [362, 223, 337, 339, 340, 341, 342, 343, 344, 345])
(362, [350, 223, 337, 339, 340, 341, 342, 343, 344, 345])
(660, [664, 728, 242, 522, 600, 603, 618, 657, 658, 659])
(248, [250, 266, 274, 276, 279, 247, 249, 251, 253, 255])
(256, [247, 250, 251, 254, 261, 267, 268, 272, 274, 276])
(258, [262, 266, 279, 247, 248, 249, 250, 251, 252, 253])
(260, [247, 248, 249, 250, 251, 252, 253, 254, 255, 256])
(262, [258, 266, 279, 247, 248, 249, 250, 251, 252, 253])
(264, [247, 252, 266, 275, 276, 13, 248, 249, 250, 251])
(266, [276, 252, 279, 248, 257, 258, 262, 264, 275, 13])
(268, [247, 250, 251, 254, 255, 256, 259, 261, 267, 272])
(272, [247, 250, 251, 254, 255, 256, 259, 261, 267, 268])
(276, [266, 252, 247, 248, 250, 256, 264, 275, 279, 13])
(278, [254, 261, 247, 248, 249, 250, 251, 252, 253, 255])
(252, [266, 276, 247, 250, 264, 270, 275, 279, 13, 249])
(270, [252, 254, 247, 249, 250, 251, 253, 255, 256, 257])
(254, [274, 247, 251, 255, 261, 256, 259, 265, 267, 268])
(246, [13, 438, 503, 548, 728, 821, 985])
(548, [246, 247, 254, 266, 503, 523, 524, 525, 526, 527])
(438, [246, 336, 364, 365, 372, 439, 440, 441, 442, 443])
(522, [636, 640, 6, 79, 351, 638, 639, 19, 31, 98])
(282, [281, 283, 284, 285, 286, 287, 289, 290, 291, 292])
(284, [281, 283, 297, 303, 304, 282, 286, 288, 291, 293])
(286, [281, 282, 283, 284, 285, 287, 288, 289, 290, 291])
(290, [289, 298, 301, 281, 283, 292, 294, 297, 303, 304])
(292, [285, 287, 289, 290, 298, 299, 301, 312, 281, 282])
(294, [285, 287, 289, 290, 298, 299, 301, 312, 281, 282])
(296, [281, 282, 283, 284, 285, 286, 287, 288, 289, 290])
(298, [287, 290, 289, 301, 292, 294, 304, 312, 281, 282])
(300, [281, 282, 283, 284, 285, 286, 287, 288, 289, 290])
(302, [281, 282, 283, 284, 285, 286, 287, 288, 289, 290])
(304, [284, 287, 289, 290, 298, 299, 301, 281, 282, 283])
(306, [281, 282, 283, 284, 285, 286, 287, 288, 289, 290])
(308, [281, 282, 283, 284, 285, 286, 287, 288, 289, 290])
(310, [281, 282, 283, 284, 285, 286, 287, 288, 289, 290])
(312, [285, 287, 299, 289, 292, 294, 298, 301, 305, 282])
(314, [281, 282, 283, 284, 285, 286, 287, 288, 289, 290])
(288, [281, 283, 284, 285, 286, 287, 289, 290, 291, 292])
(280, [754])
(754, [280, 657, 658, 659, 660, 661, 662, 663, 664, 665])
(318, [87, 319, 320, 321, 322, 324, 325, 479])
(320, [318, 319, 321, 322, 323, 324, 325])
(322, [318, 319, 320, 321, 323, 324, 325])
(324, [318, 319, 320, 321, 322, 323, 325])
(536, [559, 524, 526, 531, 537, 540, 550, 558, 590, 601])
(572, [621, 559, 529, 601, 531, 536, 545, 555, 560, 573])
(590, [536, 559, 601, 612, 619, 523, 524, 526, 527, 531])
(612, [536, 559, 590, 601, 619, 523, 524, 526, 527, 531])
(620, [536, 545, 559, 572, 573, 590, 597, 601, 612, 619])
(328, [333, 334])
(334, [327, 328, 329, 330, 331, 332, 333, 335])
(330, [331, 335, 333, 334])
(332, [334])
(338, [337, 339, 340, 341, 342, 343, 344, 345, 346, 347])
(340, [337, 338, 339, 341, 342, 343, 344, 345, 346, 347])
(342, [337, 338, 339, 340, 341, 343, 344, 345, 346, 347])
(344, [337, 338, 339, 340, 341, 342, 343, 345, 346, 347])
(346, [337, 338, 339, 340, 341, 342, 343, 344, 345, 347])
(348, [337, 338, 339, 340, 341, 342, 343, 344, 345, 346])
(354, [337, 338, 339, 340, 341, 342, 343, 344, 345, 346])
(356, [337, 338, 339, 340, 341, 342, 343, 344, 345, 346])
(358, [337, 338, 339, 340, 341, 342, 343, 344, 345, 346])
(360, [337, 338, 339, 340, 341, 342, 343, 344, 345, 346])
(366, [351, 337, 338, 339, 340, 341, 342, 343, 344, 345])
(370, [337, 338, 339, 340, 341, 342, 343, 344, 345, 346])
(372, [364, 365, 337, 338, 339, 340, 341, 342, 343, 344])
(374, [337, 338, 339, 340, 341, 342, 343, 344, 345, 346])
(378, [339, 385, 387, 390, 394, 337, 338, 340, 341, 342])
(380, [337, 338, 339, 340, 341, 342, 343, 344, 345, 346])
(386, [339, 363, 371, 381, 388, 389, 390, 337, 338, 340])
(388, [339, 363, 371, 381, 386, 389, 390, 337, 338, 340])
(390, [371, 339, 394, 762, 363, 367, 377, 378, 386, 388])
(392, [337, 338, 339, 340, 341, 342, 343, 344, 345, 346])
(396, [337, 338, 339, 340, 341, 342, 343, 344, 345, 346])
(546, [336, 524, 526, 528, 531, 536, 537, 540, 541, 547])
(708, [336, 658, 677, 681, 696, 699, 704, 706, 728, 735])
(672, [690, 693, 725, 728, 735, 736, 737, 739, 749, 755])
(732, [739, 385, 336, 363, 677, 692, 695, 698, 714, 728])
(824, [336])
(680, [664, 705, 728, 735, 737, 93, 336, 385, 386, 556])
(704, [336, 728, 739, 381, 658, 677, 681, 696, 699, 706])
(658, [699, 735, 390, 677, 681, 696, 698, 704, 706, 708])
(706, [658, 677, 681, 696, 699, 704, 708, 728, 735, 739])
(560, [621, 538, 570, 576, 597, 566, 572, 574, 583, 606])
(556, [656, 361, 385, 523, 524, 525, 526, 527, 528, 529])
(766, [656, 363, 698, 724, 731, 734, 756, 759])
(698, [768, 385, 658, 692, 699, 720, 728, 732, 363, 367])
(786, [367, 379, 656, 728, 795])
(714, [732, 739, 367, 385, 657, 658, 659, 660, 661, 662])
(692, [677, 724, 728, 736, 668, 670, 676, 681, 686, 693])
(736, [692, 728, 739, 670, 672, 676, 677, 693, 724, 732])
(756, [724, 734, 368, 657, 658, 659, 660, 661, 662, 663])
(566, [523, 524, 526, 527, 531, 534, 536, 537, 538, 540])
(608, [566, 385, 523, 524, 525, 526, 527, 528, 529, 530])
(664, [660, 674, 680, 705, 735, 385, 657, 658, 659, 661])
(674, [664, 683, 385, 657, 658, 659, 660, 661, 662, 663])
(400, [399, 401, 403, 409, 410, 405, 406])
(406, [399, 400, 401, 402, 403, 404, 405, 407, 408, 409])
(410, [402, 407, 400, 405, 406])
(402, [410, 405, 406])
(404, [405, 406])
(408, [405, 406])
(416, [417, 418, 419, 420, 421, 422, 423, 424, 425, 426])
(418, [433, 436, 428, 429, 432, 427, 435, 416, 430, 431])
(422, [426, 424, 435, 416, 430, 431, 503])
(424, [417, 420, 421, 422, 423, 425, 426, 427, 428, 433])
(426, [422, 423, 425, 424, 427, 432, 428, 429, 435, 416])
(428, [418, 421, 425, 433, 417, 420, 427, 429, 432, 424])
(430, [416, 417, 418, 419, 420, 421, 422, 423, 424, 425])
(432, [419, 417, 418, 420, 425, 429, 434, 436, 426, 428])
(434, [417, 419, 436, 423, 425, 432, 427, 429, 424, 428])
(436, [417, 419, 434, 418, 423, 432, 425, 427, 429, 428])
(440, [438, 439, 441, 442, 443, 444, 445, 446, 447, 448])
(442, [14, 438, 439, 440, 441, 443, 445, 446, 447, 448])
(446, [448, 438, 439, 440, 441, 442, 443, 444, 445, 449])
(448, [446, 438, 439, 440, 441, 442, 443, 444, 445, 449])
(452, [438, 439, 440, 441, 442, 443, 444, 445, 446, 447])
(454, [438, 439, 440, 441, 442, 443, 444, 445, 446, 447])
(456, [438, 439, 440, 441, 442, 443, 444, 445, 446, 447])
(458, [438, 439, 440, 441, 442, 443, 444, 445, 446, 447])
(460, [438, 439, 440, 441, 442, 443, 444, 445, 446, 447])
(464, [463, 465, 466, 467, 468, 469, 470, 471, 472, 473])
(466, [463, 464, 465, 467, 468, 470, 471, 472, 473, 474])
(468, [463, 473, 464, 466, 467, 469, 470, 471, 472])
(470, [463, 464, 465, 466, 467, 468, 469, 471, 472, 473])
(472, [463, 464, 465, 466, 467, 468, 469, 470, 471, 473])
(474, [463, 464, 466, 467, 469, 470, 471, 472])
(484, [483, 485, 486, 487, 488, 489, 490, 491, 492, 493])
(486, [483, 484, 485, 487, 488, 489, 490, 491, 492, 493])
(488, [489, 491, 497, 499, 504, 505, 506, 508, 509, 511])
(490, [483, 484, 485, 486, 487, 488, 489, 491, 492, 493])
(492, [489, 491, 497, 499, 504, 505, 506, 508, 509, 511])
(494, [483, 484, 485, 486, 487, 488, 489, 490, 491, 492])
(496, [483, 484, 485, 486, 487, 488, 489, 490, 491, 492])
(498, [485, 497, 520, 483, 484, 486, 487, 488, 489, 490])
(500, [483, 484, 485, 486, 487, 488, 489, 490, 491, 492])
(502, [483, 484, 485, 486, 487, 488, 489, 490, 491, 492])
(504, [488, 489, 492, 497, 499, 505, 506, 508, 509, 511])
(508, [520, 488, 489, 491, 492, 497, 499, 504, 506, 511])
(510, [483, 484, 485, 486, 487, 488, 489, 490, 491, 492])
(512, [488, 489, 491, 492, 497, 499, 504, 505, 506, 508])
(514, [483, 484, 485, 486, 487, 488, 489, 490, 491, 492])
(516, [483, 484, 485, 486, 487, 488, 489, 490, 491, 492])
(518, [483, 484, 485, 486, 487, 488, 489, 490, 491, 492])
(520, [497, 508, 521, 488, 489, 491, 492, 498, 504, 506])
(524, [537, 540, 526, 531, 536, 550, 555, 558, 559, 523])
(526, [524, 531, 536, 537, 540, 550, 558, 559, 523, 527])
(528, [524, 526, 531, 536, 537, 540, 541, 546, 547, 550])
(530, [523, 524, 526, 527, 528, 529, 531, 532, 533, 534])
(532, [523, 524, 525, 526, 527, 528, 529, 530, 531, 533])
(534, [523, 524, 526, 527, 531, 536, 537, 540, 542, 543])
(540, [524, 537, 526, 536, 550, 555, 558, 559, 523, 527])
(542, [523, 524, 526, 527, 531, 534, 536, 537, 540, 543])
(550, [524, 526, 531, 536, 537, 540, 558, 559, 523, 527])
(552, [523, 524, 526, 527, 531, 534, 536, 537, 540, 542])
(554, [576, 531, 574, 581, 598, 619, 524, 526, 528, 536])
(558, [524, 526, 531, 536, 537, 540, 550, 559, 523, 527])
(562, [573, 524, 526, 528, 531, 536, 537, 540, 541, 546])
(564, [523, 524, 525, 526, 527, 528, 529, 530, 531, 532])
(568, [523, 524, 526, 527, 531, 534, 536, 537, 540, 542])
(570, [621, 576, 529, 559, 560, 540, 555, 567, 581, 600])
(574, [619, 531, 554, 559, 576, 597, 601, 618, 523, 524])
(578, [571, 621, 6, 98, 523, 524, 525, 526, 527, 528])
(580, [553, 523, 524, 525, 526, 527, 528, 529, 530, 531])
(582, [523, 524, 525, 526, 527, 528, 529, 530, 531, 532])
(584, [523, 524, 525, 526, 527, 528, 529, 530, 531, 532])
(586, [527, 579, 602, 523, 524, 525, 526, 528, 529, 530])
(588, [544, 576, 613, 621, 523, 524, 525, 526, 527, 528])
(592, [524, 526, 528, 531, 536, 537, 540, 541, 546, 547])
(594, [604, 523, 524, 525, 526, 527, 528, 529, 530, 531])
(596, [523, 524, 525, 526, 527, 528, 529, 530, 531, 532])
(598, [576, 531, 554, 597, 600, 614, 523, 524, 526, 527])
(600, [598, 523, 524, 526, 527, 529, 531, 534, 536, 537])
(602, [527, 551, 586, 523, 524, 525, 526, 528, 529, 530])
(604, [594, 523, 524, 525, 526, 527, 528, 529, 530, 531])
(610, [523, 524, 525, 526, 527, 528, 529, 530, 531, 532])
(616, [523, 524, 525, 526, 527, 528, 529, 530, 531, 532])
(618, [574, 523, 524, 526, 527, 531, 534, 536, 537, 540])
(622, [523, 524, 525, 526, 527, 528, 529, 530, 531, 532])
(538, [560, 621, 531, 554, 566, 567, 523, 525, 526, 527])
(636, [522, 551, 621])
(638, [522, 95, 524, 526, 531, 536, 537, 540, 541, 546])
(640, [522, 560, 567, 523, 524, 526, 527, 534, 536, 537])
(752, [668, 686, 692, 696, 701, 708, 742, 383, 522, 657])
(972, [522, 560, 935, 936, 937, 938, 939, 940, 941, 942])
(630, [522, 524, 526, 528, 531, 536, 537, 540, 541, 546])
(628, [522, 523, 524, 526, 527, 531, 534, 536, 537, 540])
(880, [576])
(626, [934, 955])
(958, [947, 951, 638, 935, 936, 937, 938, 939, 940, 941])
(644, [654])
(654, [644, 645, 646, 647, 648, 650, 651, 652, 653, 655])
(646, [654])
(648, [645, 650, 649, 654])
(650, [645, 648, 649, 654])
(652, [654])
(662, [657, 658, 659, 660, 661, 663, 664, 665, 666, 667])
(666, [694, 392, 657, 658, 659, 660, 661, 662, 663, 664])
(668, [686, 692, 696, 701, 742, 752, 383, 657, 658, 659])
(676, [670, 677, 692, 724, 728, 736, 755, 657, 658, 659])
(678, [681, 684, 657, 658, 659, 660, 661, 662, 663, 664])
(684, [678, 681, 657, 658, 659, 660, 661, 662, 663, 664])
(686, [668, 677, 692, 696, 701, 705, 742, 752, 383, 657])
(688, [657, 658, 659, 660, 661, 662, 663, 664, 665, 666])
(694, [666, 657, 658, 659, 660, 661, 662, 663, 664, 665])
(700, [657, 658, 659, 660, 661, 662, 663, 664, 665, 666])
(710, [657, 658, 659, 660, 661, 662, 663, 664, 665, 666])
(712, [657, 658, 659, 660, 661, 662, 663, 664, 665, 666])
(716, [657, 658, 659, 660, 661, 662, 663, 664, 665, 666])
(718, [657, 658, 659, 660, 661, 662, 663, 664, 665, 666])
(720, [698, 657, 658, 659, 660, 661, 662, 663, 664, 665])
(722, [657, 658, 659, 660, 661, 662, 663, 664, 665, 666])
(724, [692, 670, 676, 677, 693, 728, 731, 734, 736, 751])
(726, [692, 657, 658, 659, 660, 661, 662, 663, 664, 665])
(730, [657, 658, 659, 660, 661, 662, 663, 664, 665, 666])
(734, [724, 731, 756, 657, 658, 659, 660, 661, 662, 663])
(738, [657, 658, 659, 660, 661, 662, 663, 664, 665, 666])
(740, [657, 658, 659, 660, 661, 662, 663, 664, 665, 666])
(744, [699, 657, 658, 659, 660, 661, 662, 663, 664, 665])
(746, [657, 658, 659, 660, 661, 662, 663, 664, 665, 666])
(748, [705, 728, 657, 658, 659, 660, 661, 662, 663, 664])
(750, [657, 658, 659, 660, 661, 662, 663, 664, 665, 666])
(776, [768, 758, 693, 787, 656, 672, 690, 698, 720, 737])
(804, [656])
(760, [656, 383, 668, 686, 692, 696, 701, 742, 752, 759])
(918, [656, 680, 797, 912, 913, 914, 915, 917, 919, 921])
(832, [656, 740])
(792, [656, 693, 736, 749, 753, 758, 759, 774, 789, 790])
(774, [656, 759, 806, 670, 736, 758, 829, 664, 673, 676])
(806, [774, 656, 768, 670, 690, 721, 758, 759, 764, 775])
(790, [736, 789, 656, 672, 693, 735, 739, 749, 753, 758])
(834, [656, 672, 690, 693, 737, 749, 755, 758, 764, 768])
(808, [656, 730, 807])
(782, [656, 759, 768, 825])
(826, [693, 758, 670, 749, 825, 672, 690, 698, 720, 736])
(764, [690, 693, 768, 672, 692, 724, 737, 749, 751, 753])
(788, [680, 737])
(802, [705, 728, 748, 762, 807, 831])
(828, [698, 768])
(838, [692, 726, 770, 797])
(916, [686, 912, 913, 914, 915, 917, 919, 921, 922, 923])
(920, [686, 912, 913, 914, 915, 917, 919, 921, 922, 923])
(840, [841, 842, 843, 845, 846, 848, 847, 849, 850, 851])
(842, [847, 840, 852, 849, 851])
(846, [847, 840, 850, 852, 849, 851])
(848, [840, 850, 852, 849, 851])
(850, [841, 843, 844, 845, 846, 848, 840, 847, 849, 851])
(852, [841, 842, 844, 845, 846, 848, 840, 847, 849, 850])
(844, [847, 850, 852, 849, 851])
(854, [855, 856, 857, 858, 859])
(856, [854, 855, 857, 858, 859])
(866, [874])
(874, [866, 871, 873, 870])
(868, [870])
(870, [865, 867, 868, 872, 873, 874])
(872, [870])
(884, [883, 887, 890, 894, 898, 901, 902, 903, 885, 888])
(888, [895, 907, 883, 884, 886, 887, 889, 890, 891, 892])
(890, [904, 903, 891, 902, 905, 884, 885, 888, 892, 895])
(892, [883, 884, 885, 886, 887, 888, 889, 890, 891, 893])
(894, [903, 889, 893, 898, 891, 884, 905, 906, 885, 888])
(896, [885, 897, 883, 884, 886, 887, 889, 890, 891, 892])
(898, [887, 894, 901, 903, 884, 889, 893, 899, 902, 906])
(900, [883, 884, 885, 886, 887, 888, 889, 890, 891, 892])
(902, [883, 887, 890, 901, 884, 898, 899, 904, 885, 888])
(904, [890, 883, 886, 887, 901, 902, 884, 885, 888, 892])
(906, [883, 886, 887, 889, 893, 894, 898, 899, 901, 884])
(886, [899, 889, 893, 904, 906, 885, 888, 891, 892, 895])
(912, [913, 914, 915, 916, 917, 918, 919, 920, 921, 922])
(914, [912, 913, 915, 916, 917, 918, 919, 920, 921, 922])
(922, [915, 919, 923, 912, 914, 916, 917, 918, 920, 921])
(928, [929, 930, 931, 932, 933])
(930, [928, 929, 931, 932, 933])
(932, [928, 929, 930, 931, 933])
(936, [935, 937, 938, 939, 940, 941, 942, 943, 944, 945])
(938, [935, 936, 937, 939, 940, 941, 942, 943, 944, 945])
(940, [935, 936, 937, 938, 939, 941, 942, 943, 944, 945])
(942, [935, 936, 937, 938, 940, 941, 944, 946, 947, 950])
(944, [935, 936, 937, 938, 939, 940, 941, 942, 943, 945])
(946, [935, 936, 937, 938, 939, 940, 941, 942, 943, 944])
(948, [939, 949, 969, 935, 936, 937, 938, 940, 941, 944])
(950, [935, 936, 937, 938, 939, 940, 941, 942, 943, 944])
(952, [935, 936, 937, 938, 939, 940, 941, 942, 943, 944])
(954, [935, 936, 937, 938, 939, 940, 941, 942, 943, 944])
(960, [989, 935, 936, 937, 938, 939, 940, 941, 942, 943])
(964, [988, 935, 936, 937, 938, 939, 940, 941, 942, 943])
(966, [951, 935, 936, 937, 938, 939, 940, 942, 943, 944])
(968, [935, 936, 937, 938, 939, 940, 941, 942, 943, 944])
(970, [935, 936, 937, 938, 939, 940, 941, 942, 943, 944])
(974, [935, 936, 937, 938, 939, 940, 941, 942, 943, 944])
(976, [935, 936, 937, 938, 939, 940, 941, 942, 943, 944])
(978, [935, 936, 937, 938, 939, 940, 941, 942, 943, 944])
(980, [935, 936, 937, 938, 939, 940, 941, 942, 943, 944])
(982, [935, 936, 937, 938, 939, 940, 941, 942, 943, 944])
(984, [935, 936, 937, 938, 939, 940, 941, 942, 943, 944])
(986, [935, 936, 937, 938, 939, 940, 941, 942, 943, 944])
(988, [964, 935, 936, 937, 938, 939, 940, 941, 942, 943])
(990, [935, 936, 937, 938, 939, 940, 941, 942, 943, 944])
(992, [935, 936, 937, 938, 939, 940, 941, 942, 943, 944])
(994, [935, 936, 937, 938, 939, 940, 941, 942, 943, 944])
(996, [935, 936, 937, 938, 939, 940, 941, 942, 943, 944])
(998, [935, 936, 937, 938, 939, 940, 941, 942, 943, 944])
(220, [13, 95])
(624, [503])
(202, [19])
(208, [961])
(414, [411, 413])
(862, [863])
(910, [909])
(924, [439])
