(1, [2, 19, 3, 4, 6, 7, 8, 9, 10, 11])
(3, [10, 16, 29, 30, 38, 83, 85, 89, 1, 2])
(7, [1, 2, 3, 4, 5, 6, 8, 9, 10, 11])
(9, [1, 2, 3, 4, 5, 6, 7, 8, 10, 11])
(11, [1, 2, 3, 4, 5, 6, 7, 8, 9, 10])
(13, [4, 15, 95, 1, 2, 3, 5, 6, 7, 8])
(15, [8, 13, 14, 18, 72, 74, 77, 1, 2, 3])
(17, [24, 14, 16, 38, 50, 67, 83, 85, 89, 99])
(19, [1, 4, 6, 26, 28, 53, 621, 2, 3, 5])
(21, [67, 1, 2, 3, 4, 5, 7, 8, 9, 10])
(23, [1, 2, 3, 4, 5, 6, 7, 8, 9, 10])
(25, [1, 2, 3, 4, 5, 6, 7, 8, 9, 10])
(27, [80, 8, 14, 18, 37, 72, 74, 77, 1, 2])
(29, [16, 89, 3, 8, 10, 24, 28, 30, 41, 46])
(31, [1, 2, 3, 4, 5, 6, 7, 8, 9, 10])
(33, [1, 2, 3, 4, 5, 6, 7, 8, 9, 10])
(35, [1, 2, 3, 4, 5, 6, 7, 8, 9, 10])
(37, [27, 1, 2, 3, 4, 5, 6, 7, 8, 9])
(39, [43, 1, 2, 3, 4, 5, 6, 7, 8, 9])
(41, [55, 10, 16, 29, 30, 38, 83, 85, 89, 1])
(43, [39, 1, 2, 3, 4, 5, 6, 7, 8, 9])
(45, [1, 2, 3, 4, 5, 6, 7, 8, 9, 10])
(47, [1, 2, 3, 4, 5, 6, 7, 8, 9, 10])
(49, [1, 2, 3, 4, 5, 6, 7, 8, 9, 10])
(51, [1, 2, 3, 4, 5, 6, 7, 8, 9, 10])
(53, [38, 83, 85, 89, 10, 12, 18, 19, 26, 30])
(55, [41, 10, 16, 29, 30, 38, 83, 85, 89, 1])
(57, [56, 61, 1, 2, 3, 4, 5, 6, 7, 8])
(59, [56, 61, 1, 2, 3, 4, 5, 6, 7, 8])
(61, [56, 57, 59, 60, 1, 2, 3, 4, 5, 6])
(63, [6, 67, 91, 1, 2, 3, 4, 5, 7, 8])
(65, [1, 2, 3, 4, 5, 6, 7, 8, 9, 10])
(67, [16, 17, 21, 24, 28, 63, 1, 2, 3, 4])
(69, [1, 2, 3, 4, 5, 6, 7, 8, 9, 10])
(71, [1, 2, 3, 4, 5, 6, 7, 8, 9, 10])
(73, [1, 2, 3, 4, 5, 6, 7, 8, 9, 10])
(75, [1, 2, 3, 4, 5, 6, 7, 8, 9, 10])
(77, [8, 14, 15, 18, 27, 72, 74, 80, 1, 2])
(79, [522, 1, 2, 3, 4, 5, 6, 7, 8, 9])
(81, [64, 84, 336, 1, 2, 3, 4, 5, 6, 7])
(83, [38, 10, 53, 89, 18, 3, 4, 17, 29, 41])
(85, [38, 16, 30, 53, 89, 3, 4, 10, 17, 29])
(87, [1, 2, 3, 4, 5, 6, 7, 8, 9, 10])
(89, [30, 83, 10, 24, 29, 53, 85, 3, 4, 8])
(91, [6, 52, 63, 1, 2, 3, 4, 5, 7, 8])
(93, [84, 385, 656, 670, 695, 778, 822, 1, 2, 3])
(5, [2, 3, 4, 6, 7, 8, 9, 10, 11, 12])
(135, [0, 130, 5, 17, 20, 96, 97, 98, 99, 100])
(623, [0, 543, 5, 14, 17, 20, 50, 135, 439, 522])
(629, [0, 5, 20, 135, 325, 522, 536, 545, 559, 572])
(543, [575, 0, 523, 524, 526, 527, 531, 534, 536, 537])
(575, [543, 523, 524, 526, 527, 531, 534, 536, 537, 540])
(111, [129, 0, 17, 27, 37, 96, 97, 98, 99, 100])
(129, [96, 97, 102, 104, 111, 150, 165, 181, 0, 17])
(95, [233, 213, 240, 245, 2, 13, 196, 218, 0, 1])
(439, [0, 14, 17, 26, 50, 338, 438, 440, 441, 442])
(627, [0, 14, 17, 50, 439, 543, 623])
(117, [164, 0, 1, 17, 96, 97, 98, 99, 100, 101])
(125, [0, 4, 123, 127, 8, 15, 17, 96, 97, 98])
(97, [181, 96, 102, 129, 139, 150, 165, 178, 17, 98])
(99, [149, 17, 103, 120, 128, 164, 96, 97, 98, 100])
(101, [0, 17, 96, 97, 98, 99, 100, 102, 103, 104])
(103, [17, 99, 115, 120, 122, 128, 149, 160, 164, 96])
(105, [17, 96, 97, 98, 99, 100, 101, 102, 103, 104])
(107, [109, 140, 189, 118, 146, 17, 96, 97, 98, 99])
(109, [118, 107, 245, 116, 127, 144, 150, 167, 17, 96])
(113, [17, 96, 97, 98, 99, 100, 101, 102, 103, 104])
(115, [122, 160, 17, 103, 120, 128, 164, 170, 96, 97])
(119, [17, 96, 97, 98, 99, 100, 101, 102, 103, 104])
(121, [142, 164, 17, 96, 97, 98, 99, 100, 101, 102])
(123, [125, 127, 17, 96, 97, 98, 99, 100, 101, 102])
(127, [150, 109, 110, 118, 123, 125, 130, 140, 144, 171])
(131, [100, 128, 17, 96, 97, 98, 99, 101, 102, 103])
(133, [17, 96, 97, 98, 99, 100, 101, 102, 103, 104])
(137, [146, 17, 96, 97, 98, 99, 101, 102, 103, 104])
(139, [97, 17, 96, 98, 99, 100, 101, 102, 103, 104])
(141, [17, 96, 97, 98, 99, 100, 101, 102, 103, 104])
(143, [17, 96, 97, 98, 99, 100, 101, 102, 103, 104])
(145, [17, 96, 97, 98, 99, 100, 101, 102, 103, 104])
(147, [17, 96, 97, 98, 99, 100, 101, 102, 103, 104])
(149, [99, 160, 17, 103, 120, 128, 164, 96, 97, 98])
(151, [17, 146, 150, 167, 96, 97, 98, 99, 100, 101])
(153, [17, 96, 97, 98, 99, 100, 101, 102, 103, 104])
(155, [134, 169, 17, 96, 97, 98, 99, 100, 101, 102])
(157, [17, 96, 97, 98, 99, 100, 101, 102, 103, 104])
(159, [134, 169, 17, 96, 97, 98, 99, 100, 101, 102])
(161, [166, 17, 96, 97, 98, 99, 100, 101, 102, 103])
(163, [17, 96, 97, 98, 99, 100, 101, 102, 103, 104])
(165, [96, 97, 102, 104, 129, 150, 181, 17, 98, 99])
(167, [17, 109, 110, 118, 146, 150, 151, 189, 96, 97])
(169, [134, 155, 158, 159, 17, 96, 97, 98, 99, 100])
(171, [127, 130, 144, 150, 17, 96, 97, 98, 99, 100])
(173, [17, 96, 97, 98, 99, 100, 101, 102, 103, 104])
(175, [17, 96, 97, 98, 99, 100, 101, 102, 103, 104])
(177, [17, 96, 97, 98, 99, 100, 101, 102, 103, 104])
(179, [104, 120, 156, 17, 96, 98, 99, 100, 101, 102])
(181, [97, 192, 193, 126, 129, 150, 165, 178, 187, 17])
(183, [17, 96, 97, 98, 99, 100, 101, 102, 103, 104])
(185, [120, 187, 192, 102, 104, 17, 97, 98, 99, 100])
(187, [185, 96, 181, 192, 17, 97, 98, 99, 100, 101])
(189, [240, 107, 127, 150, 164, 167, 245, 17, 96, 97])
(191, [17, 96, 97, 98, 99, 100, 101, 102, 103, 104])
(193, [96, 181, 102, 126, 17, 97, 98, 99, 100, 101])
(243, [17, 95, 138, 166, 168])
(233, [95, 213, 240, 164, 17, 99, 103, 107, 115, 116])
(437, [14, 19, 64, 74, 81, 242, 253, 351, 362, 549])
(975, [19, 223, 242, 336, 350, 362, 437, 926, 935, 936])
(545, [536, 559, 572, 590, 597, 601, 606, 612, 614, 615])
(615, [576, 614, 523, 524, 526, 527, 531, 534, 536, 537])
(337, [352, 0, 339, 341, 343, 371, 451, 338, 340, 342])
(339, [84, 368, 371, 390, 337, 359, 363, 376, 378, 382])
(371, [390, 656, 339, 363, 381, 677, 337, 343, 352, 367])
(451, [0, 337, 352, 84, 339, 341, 371, 438, 439, 440])
(343, [359, 64, 0, 337, 363, 371, 377, 381, 384, 385])
(663, [64, 336, 339, 368, 728, 0, 81, 93, 337, 359])
(381, [739, 371, 343, 352, 363, 367, 377, 386, 388, 389])
(387, [385, 367, 394, 656, 728, 64, 343, 349, 352, 355])
(359, [343, 339, 64, 81, 84, 337, 338, 340, 341, 342])
(377, [343, 367, 381, 387, 390, 728, 64, 337, 338, 339])
(719, [336, 385, 387, 682, 702, 728, 739, 64, 377, 381])
(385, [656, 387, 394, 732, 363, 384, 93, 339, 343, 361])
(523, [524, 526, 527, 531, 534, 536, 537, 540, 542, 543])
(547, [523, 524, 526, 528, 531, 536, 537, 540, 541, 546])
(621, [560, 570, 572, 538, 573, 529, 567, 581, 591, 597])
(341, [337, 352, 0, 338, 339, 340, 342, 343, 344, 345])
(957, [87, 935, 936, 937, 938, 939, 940, 941, 942, 943])
(783, [0, 343, 696, 728, 758, 795])
(795, [656, 728, 753, 758, 829, 0, 343, 367, 379, 676])
(265, [254, 261, 93, 247, 248, 249, 250, 251, 252, 253])
(363, [371, 385, 339, 343, 381, 384, 386, 388, 389, 390])
(677, [371, 692, 696, 735, 739, 336, 363, 381, 390, 658])
(691, [667, 677, 695, 696, 735, 747, 93, 265, 343, 363])
(695, [735, 93, 336, 363, 385, 670, 677, 691, 696, 699])
(735, [699, 658, 677, 695, 696, 762, 778, 336, 363, 371])
(747, [677, 691, 695, 696, 735, 93, 265, 343, 363, 371])
(753, [693, 829, 692, 724, 736, 749, 751, 759, 778, 789])
(759, [656, 789, 829, 774, 670, 753, 781, 805, 825, 93])
(789, [759, 829, 656, 670, 736, 753, 781, 790, 93, 672])
(757, [93, 670, 695, 742, 775, 778, 825])
(775, [670, 93, 656, 695, 721, 742, 757, 758, 768, 774])
(825, [670, 693, 759, 826, 93, 656, 695, 736, 742, 753])
(221, [95, 115, 122, 150, 160, 170])
(213, [110, 95, 233, 118, 116, 144, 146, 167])
(245, [95, 109, 140, 189, 100, 118, 128, 131, 226, 233])
(209, [95, 128])
(231, [95])
(217, [111])
(503, [485, 507, 95, 246, 247, 254, 266, 415, 417, 418])
(199, [522, 560, 621])
(223, [336, 350, 362, 934, 975])
(667, [691, 26, 439, 591, 657, 658, 659, 661, 662, 663])
(247, [254, 251, 252, 255, 256, 259, 261, 264, 268, 272])
(249, [247, 248, 250, 251, 252, 253, 254, 255, 256, 257])
(251, [254, 255, 274, 247, 250, 256, 259, 261, 267, 268])
(253, [247, 248, 249, 250, 251, 252, 254, 255, 256, 257])
(255, [251, 254, 259, 274, 247, 250, 257, 261, 267, 268])
(257, [255, 259, 266, 247, 248, 249, 250, 251, 252, 253])
(259, [255, 247, 250, 251, 254, 257, 261, 267, 268, 272])
(261, [254, 247, 250, 251, 255, 256, 259, 265, 267, 268])
(263, [247, 248, 249, 250, 251, 252, 253, 254, 255, 256])
(269, [247, 248, 249, 250, 251, 252, 253, 254, 255, 256])
(271, [247, 248, 249, 250, 251, 252, 253, 254, 255, 256])
(273, [247, 248, 249, 250, 251, 252, 253, 254, 255, 256])
(275, [247, 252, 264, 266, 276, 13, 248, 249, 250, 251])
(277, [256, 247, 248, 249, 250, 251, 252, 253, 254, 255])
(279, [266, 248, 250, 252, 258, 262, 276, 247, 249, 251])
(267, [250, 274, 251, 254, 255, 256, 259, 261, 268, 272])
(821, [246, 265, 279])
(351, [366, 522, 79, 253, 337, 338, 339, 340, 341, 342])
(281, [283, 284, 290, 297, 303, 282, 285, 286, 287, 288])
(283, [281, 284, 290, 297, 303, 282, 285, 286, 287, 288])
(285, [312, 292, 294, 281, 282, 283, 286, 288, 291, 293])
(287, [298, 301, 312, 292, 294, 304, 281, 282, 283, 286])
(289, [290, 299, 298, 301, 292, 294, 304, 312, 281, 282])
(291, [281, 282, 283, 284, 285, 286, 287, 288, 289, 290])
(293, [281, 282, 283, 284, 285, 286, 287, 288, 289, 290])
(295, [281, 282, 283, 284, 285, 286, 287, 288, 289, 290])
(297, [281, 283, 284, 290, 282, 285, 286, 287, 288, 289])
(299, [289, 301, 312, 292, 294, 304, 281, 282, 283, 286])
(301, [287, 289, 290, 298, 299, 292, 294, 304, 312, 281])
(303, [281, 283, 284, 290, 282, 285, 286, 287, 288, 289])
(305, [312, 281, 282, 284, 285, 286, 287, 288, 289, 290])
(307, [281, 282, 283, 284, 285, 286, 287, 288, 289, 290])
(309, [281, 282, 283, 284, 285, 286, 287, 288, 289, 290])
(311, [281, 282, 283, 284, 285, 286, 287, 288, 289, 290])
(313, [281, 282, 283, 284, 285, 286, 287, 288, 289, 290])
(319, [318, 320, 321, 322, 323, 324, 325])
(321, [318, 319, 320, 322, 323, 324, 325])
(323, [319, 320, 321, 322, 324, 325, 475, 476])
(325, [318, 319, 320, 321, 322, 323, 324, 522, 536, 545])
(317, [475, 476, 479, 576])
(475, [317, 323, 476])
(479, [317, 318])
(559, [536, 572, 524, 526, 531, 537, 540, 550, 555, 558])
(573, [621, 562, 619, 536, 559, 572, 590, 597, 601, 612])
(597, [619, 560, 574, 598, 621, 531, 536, 545, 555, 573])
(601, [619, 536, 559, 572, 574, 590, 612, 523, 524, 526])
(619, [574, 597, 601, 531, 536, 554, 559, 573, 590, 612])
(881, [325, 522, 536, 545, 559, 572, 573, 590, 597, 601])
(327, [333, 334])
(333, [327, 328, 330, 331, 335, 334])
(329, [335, 334])
(335, [329, 330, 331, 333, 334])
(331, [330, 335, 333, 334])
(345, [337, 338, 339, 340, 341, 342, 343, 344, 346, 347])
(347, [337, 338, 339, 340, 341, 342, 343, 344, 345, 346])
(349, [383, 387, 337, 338, 339, 340, 341, 342, 343, 344])
(353, [337, 338, 339, 340, 341, 342, 343, 344, 345, 346])
(355, [367, 387, 337, 338, 339, 340, 341, 342, 343, 344])
(357, [337, 338, 339, 340, 341, 342, 343, 344, 345, 346])
(361, [385, 337, 338, 339, 340, 341, 342, 343, 344, 345])
(365, [364, 372, 337, 338, 339, 340, 341, 342, 343, 344])
(367, [656, 728, 387, 739, 355, 371, 377, 379, 381, 390])
(369, [337, 338, 339, 340, 341, 342, 343, 344, 345, 346])
(373, [337, 338, 339, 340, 341, 342, 343, 344, 345, 346])
(375, [337, 338, 339, 340, 341, 342, 343, 344, 345, 346])
(379, [367, 337, 338, 339, 340, 341, 342, 343, 344, 345])
(383, [349, 387, 337, 338, 339, 340, 341, 342, 343, 344])
(389, [339, 363, 371, 381, 386, 388, 390, 337, 338, 340])
(391, [337, 338, 339, 340, 341, 342, 343, 344, 345, 346])
(393, [337, 338, 339, 340, 341, 342, 343, 344, 345, 346])
(395, [337, 338, 339, 340, 341, 342, 343, 344, 345, 346])
(397, [337, 338, 339, 340, 341, 342, 343, 344, 345, 346])
(541, [524, 526, 528, 531, 536, 537, 540, 546, 547, 550])
(699, [735, 658, 762, 336, 387, 390, 677, 681, 695, 696])
(685, [673, 682, 725, 731, 336, 343, 352, 359, 382, 657])
(671, [336, 371, 376, 385, 657, 658, 659, 660, 661, 662])
(595, [555, 621, 336, 367, 371, 377, 381, 390, 523, 524])
(681, [658, 677, 678, 684, 692, 696, 699, 704, 706, 708])
(739, [732, 336, 381, 367, 677, 704, 728, 736, 371, 672])
(853, [339])
(745, [343, 657, 658, 659, 660, 661, 662, 663, 664, 665])
(763, [343, 745, 758])
(633, [351, 522, 562, 573, 606, 621])
(577, [362, 437, 523, 524, 525, 526, 527, 528, 529, 530])
(767, [367, 385, 656, 692, 698, 728, 732, 736, 739])
(705, [728, 807, 664, 680, 686, 735, 748, 778, 385, 387])
(773, [385, 387, 656, 705, 728, 778, 797])
(797, [656, 692, 770, 385, 387, 680, 726, 728, 773, 778])
(769, [93, 385, 656, 680, 728])
(399, [400, 405, 406])
(405, [399, 400, 401, 402, 403, 404, 406, 407, 408, 409])
(401, [400, 405, 406])
(403, [400, 405, 406])
(407, [410, 405, 406])
(409, [400, 405, 406])
(411, [413, 414])
(413, [411, 414])
(417, [434, 423, 436, 425, 427, 432, 424, 428, 429, 435])
(423, [417, 420, 426, 427, 434, 436, 424, 416, 430, 431])
(425, [417, 420, 433, 426, 428, 429, 432, 434, 424, 427])
(427, [421, 423, 417, 420, 418, 425, 426, 428, 434, 436])
(429, [418, 419, 425, 432, 433, 417, 420, 428, 434, 436])
(431, [416, 417, 418, 419, 420, 421, 422, 423, 424, 425])
(435, [417, 418, 419, 421, 422, 426, 433, 434, 436, 416])
(419, [434, 432, 436, 429, 435, 416, 430, 431, 503])
(421, [427, 428, 424, 435, 416, 430, 431, 503])
(433, [418, 425, 428, 429, 424, 435, 416, 430, 431, 503])
(415, [503])
(441, [438, 439, 440, 442, 443, 444, 445, 446, 447, 448])
(443, [438, 439, 440, 441, 442, 444, 445, 446, 447, 448])
(445, [438, 439, 440, 441, 442, 443, 444, 446, 447, 448])
(447, [438, 439, 440, 441, 442, 443, 444, 445, 449, 450])
(449, [438, 439, 440, 441, 442, 443, 444, 445, 446, 447])
(453, [438, 439, 440, 441, 442, 443, 444, 445, 446, 447])
(455, [438, 439, 440, 441, 442, 443, 444, 445, 446, 447])
(457, [336, 338, 438, 439, 440, 441, 442, 443, 444, 445])
(459, [438, 439, 440, 441, 442, 443, 444, 445, 446, 447])
(461, [438, 439, 440, 441, 442, 443, 444, 445, 446, 447])
(549, [437, 523, 524, 525, 526, 527, 528, 529, 530, 531])
(569, [437, 523, 524, 525, 526, 527, 528, 529, 530, 531])
(589, [457, 523, 524, 525, 526, 527, 528, 529, 530, 531])
(463, [474, 468, 464, 466, 467, 469, 470, 471, 472])
(467, [463, 464, 465, 466, 468, 469, 470, 471, 472, 473])
(469, [463, 464, 465, 467, 468, 470, 471, 472, 473, 474])
(471, [463, 464, 465, 466, 467, 468, 469, 470, 472, 473])
(465, [473, 464, 466, 467, 469, 470, 471, 472])
(473, [465, 468, 464, 466, 467, 469, 470, 471, 472])
(483, [484, 485, 486, 487, 488, 489, 490, 491, 492, 493])
(485, [498, 503, 507, 515, 483, 484, 486, 487, 490, 493])
(487, [483, 484, 485, 486, 488, 489, 490, 491, 492, 493])
(489, [488, 491, 492, 497, 499, 504, 505, 506, 508, 509])
(491, [488, 489, 492, 497, 499, 505, 506, 508, 509, 511])
(493, [483, 484, 485, 486, 487, 488, 489, 490, 491, 492])
(495, [483, 484, 485, 486, 487, 488, 489, 490, 491, 492])
(497, [520, 488, 489, 491, 492, 498, 504, 505, 506, 508])
(499, [505, 488, 489, 491, 492, 504, 506, 508, 509, 511])
(501, [483, 484, 485, 486, 487, 488, 489, 490, 491, 492])
(505, [499, 509, 488, 489, 491, 492, 497, 504, 506, 511])
(507, [485, 503, 483, 484, 486, 487, 488, 489, 490, 491])
(509, [505, 521, 488, 489, 491, 492, 497, 499, 504, 506])
(511, [488, 489, 491, 492, 497, 499, 504, 505, 506, 508])
(513, [483, 484, 485, 486, 487, 488, 489, 490, 491, 492])
(515, [485, 499, 505, 483, 484, 486, 487, 488, 489, 490])
(517, [488, 489, 491, 492, 497, 499, 504, 505, 506, 508])
(519, [483, 484, 485, 486, 487, 488, 489, 490, 491, 492])
(521, [509, 520, 488, 489, 491, 492, 497, 499, 504, 506])
(525, [523, 524, 526, 527, 528, 529, 531, 532, 533, 534])
(527, [523, 524, 526, 531, 534, 536, 537, 540, 542, 543])
(529, [570, 572, 621, 581, 600, 601, 619, 523, 524, 525])
(531, [524, 526, 536, 537, 550, 554, 558, 559, 574, 598])
(533, [523, 524, 525, 526, 527, 528, 529, 530, 531, 532])
(535, [523, 524, 525, 526, 527, 528, 529, 530, 531, 532])
(537, [524, 540, 526, 531, 536, 550, 555, 558, 559, 523])
(539, [523, 524, 525, 526, 527, 528, 529, 530, 531, 532])
(551, [523, 524, 526, 527, 531, 534, 536, 537, 540, 542])
(553, [580, 523, 524, 525, 526, 527, 528, 529, 530, 531])
(555, [524, 537, 540, 559, 526, 528, 531, 536, 541, 546])
(557, [524, 526, 528, 531, 536, 537, 540, 541, 546, 547])
(561, [523, 524, 525, 526, 527, 528, 529, 530, 531, 532])
(563, [524, 526, 528, 531, 536, 537, 540, 541, 546, 547])
(565, [524, 526, 528, 531, 536, 537, 540, 541, 546, 547])
(567, [621, 524, 526, 528, 536, 537, 538, 541, 546, 547])
(571, [578, 621, 6, 98, 523, 524, 525, 526, 527, 528])
(579, [527, 586, 621, 523, 524, 525, 526, 528, 529, 530])
(581, [554, 621, 524, 526, 528, 529, 531, 536, 537, 540])
(583, [560, 364, 523, 524, 525, 526, 527, 528, 529, 530])
(585, [523, 524, 525, 526, 527, 528, 529, 530, 531, 532])
(587, [524, 526, 528, 531, 536, 537, 540, 541, 546, 547])
(591, [621, 574, 523, 524, 525, 526, 527, 528, 529, 530])
(593, [523, 524, 525, 526, 527, 528, 529, 530, 531, 532])
(599, [523, 524, 525, 526, 527, 528, 529, 530, 531, 532])
(603, [600, 618, 523, 524, 525, 526, 527, 528, 529, 530])
(605, [523, 524, 526, 527, 531, 534, 536, 537, 540, 542])
(607, [523, 524, 525, 526, 527, 528, 529, 530, 531, 532])
(609, [621, 523, 524, 525, 526, 527, 528, 529, 530, 531])
(611, [523, 524, 526, 527, 531, 534, 536, 537, 540, 542])
(613, [544, 576, 588, 621, 523, 524, 525, 526, 527, 528])
(617, [576, 621, 523, 524, 525, 526, 527, 528, 529, 530])
(639, [522, 574, 601, 619, 523, 524, 526, 527, 529, 531])
(779, [656, 591, 667, 681, 691, 692])
(947, [951, 958, 638, 935, 936, 937, 938, 939, 940, 941])
(951, [947, 958, 966, 638, 935, 936, 938, 939, 940, 942])
(643, [649])
(649, [643, 647, 648, 650, 654])
(647, [649, 654])
(651, [653, 655, 654])
(653, [651, 655, 654])
(655, [651, 653, 654])
(657, [658, 659, 660, 661, 662, 663, 664, 665, 666, 667])
(659, [657, 658, 660, 661, 662, 663, 664, 665, 666, 667])
(661, [657, 658, 659, 660, 662, 663, 664, 665, 666, 667])
(665, [657, 658, 659, 660, 661, 662, 663, 664, 666, 667])
(669, [657, 658, 659, 660, 661, 662, 663, 664, 665, 666])
(673, [685, 657, 658, 659, 660, 661, 662, 663, 664, 665])
(675, [657, 658, 659, 660, 661, 662, 663, 664, 665, 666])
(679, [657, 658, 659, 660, 661, 662, 663, 664, 665, 666])
(683, [674, 657, 658, 659, 660, 661, 662, 663, 664, 665])
(687, [657, 658, 659, 660, 661, 662, 663, 664, 665, 666])
(689, [657, 658, 659, 660, 661, 662, 663, 664, 665, 666])
(693, [753, 749, 826, 670, 672, 690, 692, 724, 736, 737])
(697, [657, 658, 659, 660, 661, 662, 663, 664, 665, 666])
(701, [668, 686, 692, 696, 742, 752, 383, 657, 658, 659])
(703, [657, 658, 659, 660, 661, 662, 663, 664, 665, 666])
(707, [657, 658, 659, 660, 661, 662, 663, 664, 665, 666])
(709, [657, 658, 659, 660, 661, 662, 663, 664, 665, 666])
(711, [715, 728, 657, 658, 659, 660, 661, 662, 663, 664])
(713, [657, 658, 659, 660, 661, 662, 663, 664, 665, 666])
(715, [711, 728, 657, 658, 659, 660, 661, 662, 663, 664])
(717, [657, 658, 659, 660, 661, 662, 663, 664, 665, 666])
(721, [670, 657, 658, 659, 660, 661, 662, 663, 664, 665])
(723, [657, 658, 659, 660, 661, 662, 663, 664, 665, 666])
(725, [672, 685, 657, 658, 659, 660, 661, 662, 663, 664])
(727, [699, 657, 658, 659, 660, 661, 662, 663, 664, 665])
(729, [336, 657, 658, 659, 660, 661, 662, 663, 664, 665])
(731, [685, 724, 734, 657, 658, 659, 660, 661, 662, 663])
(733, [657, 658, 659, 660, 661, 662, 663, 664, 665, 666])
(737, [672, 680, 690, 693, 749, 755, 657, 658, 659, 660])
(741, [657, 658, 659, 660, 661, 662, 663, 664, 665, 666])
(743, [657, 658, 659, 660, 661, 662, 663, 664, 665, 666])
(749, [693, 672, 690, 736, 737, 753, 755, 758, 826, 829])
(751, [692, 693, 724, 753, 657, 658, 659, 660, 661, 662])
(755, [670, 672, 676, 677, 690, 692, 693, 724, 728, 736])
(771, [656, 729])
(829, [759, 753, 789, 656, 749, 758, 774, 781, 795, 736])
(823, [383, 656, 668, 686, 692, 696, 701, 742, 752, 760])
(805, [693, 753, 759, 656, 692, 704, 724, 751, 761, 768])
(807, [705, 656, 664, 677, 680, 686, 728, 730, 735, 748])
(791, [670, 768, 656, 693, 721, 758, 774, 775, 776, 787])
(833, [672, 690, 693, 737, 749, 755, 758, 764, 768, 776])
(831, [705, 728, 748, 762, 802, 807])
(761, [656, 368, 676, 692, 693, 724, 751, 753, 756, 764])
(781, [759, 789, 829, 670, 768, 787])
(777, [693, 753, 805])
(815, [692, 726, 770, 797])
(787, [768, 776, 670, 693, 759, 781, 789, 791, 825])
(841, [840, 850, 852, 849, 851])
(849, [840, 841, 842, 843, 844, 845, 846, 847, 848, 850])
(851, [840, 841, 842, 843, 844, 845, 846, 847, 848, 849])
(843, [847, 840, 850, 849, 851])
(847, [842, 843, 844, 845, 846, 840, 849, 850, 851, 852])
(845, [847, 840, 850, 852, 849, 851])
(855, [854, 856, 857, 858, 859])
(857, [854, 855, 856, 858, 859])
(859, [854, 855, 856, 857, 858])
(861, [863])
(863, [861, 862])
(883, [901, 902, 899, 884, 889, 893, 904, 906, 885, 888])
(885, [896, 883, 884, 886, 887, 889, 890, 891, 892, 893])
(889, [893, 894, 883, 886, 887, 898, 901, 906, 884, 885])
(891, [890, 893, 894, 905, 883, 884, 885, 886, 887, 888])
(893, [889, 894, 891, 883, 886, 887, 898, 901, 906, 884])
(895, [888, 883, 884, 886, 887, 889, 890, 891, 892, 893])
(897, [896, 883, 884, 886, 887, 889, 890, 891, 892, 893])
(899, [905, 883, 886, 887, 901, 898, 902, 906, 884, 885])
(901, [883, 887, 898, 899, 902, 884, 889, 893, 903, 904])
(905, [899, 890, 891, 894, 883, 884, 885, 886, 887, 888])
(907, [888, 883, 884, 885, 886, 887, 889, 890, 891, 892])
(887, [898, 901, 902, 899, 884, 889, 893, 904, 906, 885])
(903, [894, 890, 898, 884, 901, 885, 888, 889, 891, 892])
(913, [917, 912, 914, 916, 918, 920, 921])
(917, [913, 923, 912, 914, 915, 916, 918, 920, 921, 922])
(921, [912, 913, 914, 915, 916, 917, 918, 919, 920, 922])
(915, [919, 922, 923, 912, 914, 916, 917, 918, 920, 921])
(919, [915, 922, 912, 914, 916, 918, 920, 921])
(923, [915, 917, 922, 912, 914, 916, 918, 920, 921])
(929, [928, 930, 931, 932, 933])
(931, [928, 929, 930, 932, 933])
(933, [928, 929, 930, 931, 932])
(935, [936, 937, 938, 939, 940, 941, 942, 943, 944, 945])
(937, [941, 987, 935, 936, 938, 939, 940, 942, 943, 944])
(939, [943, 945, 948, 949, 969, 935, 936, 937, 938, 940])
(941, [937, 987, 935, 936, 938, 939, 940, 942, 943, 944])
(943, [939, 949, 969, 935, 936, 937, 938, 940, 941, 944])
(945, [939, 949, 969, 935, 936, 937, 938, 940, 941, 944])
(949, [939, 943, 945, 948, 969, 935, 936, 937, 938, 940])
(953, [935, 936, 937, 938, 939, 940, 941, 942, 943, 944])
(955, [626, 935, 936, 937, 938, 939, 940, 941, 942, 943])
(959, [935, 936, 937, 938, 939, 940, 941, 942, 943, 944])
(961, [208, 935, 936, 937, 938, 939, 940, 941, 942, 943])
(963, [935, 936, 937, 938, 939, 940, 941, 942, 943, 944])
(965, [935, 936, 937, 938, 939, 940, 941, 942, 943, 944])
(967, [935, 936, 937, 938, 939, 940, 941, 942, 943, 944])
(969, [939, 943, 945, 948, 949, 935, 936, 937, 938, 940])
(971, [935, 936, 937, 938, 939, 940, 941, 942, 943, 944])
(973, [935, 936, 937, 938, 939, 940, 941, 942, 943, 944])
(977, [935, 936, 937, 938, 939, 940, 941, 942, 943, 944])
(979, [935, 936, 937, 938, 939, 940, 941, 942, 943, 944])
(981, [935, 936, 937, 938, 939, 940, 941, 942, 943, 944])
(983, [935, 936, 937, 938, 939, 940, 941, 942, 943, 944])
(985, [246, 935, 936, 937, 938, 939, 940, 941, 942, 943])
(987, [937, 941, 186, 528, 560, 935, 936, 938, 939, 940])
(989, [960, 935, 936, 937, 938, 939, 940, 941, 942, 943])
(991, [935, 936, 937, 938, 939, 940, 941, 942, 943, 944])
(993, [935, 936, 937, 938, 939, 940, 941, 942, 943, 944])
(995, [338, 935, 936, 937, 938, 939, 940, 941, 942, 943])
(997, [935, 936, 937, 938, 939, 940, 941, 942, 943, 944])
(999, [935, 936, 937, 938, 939, 940, 941, 942, 943, 944])
(645, [648, 650, 654])
(799, [656, 822])
(911, [686])
(865, [870])
(867, [870])
(873, [874, 870])
(871, [874])
(909, [910])
(925, [926])
