(0, [2, 4, 12])
(2, [0, 4, 112, 1])
(4, [0])
(6, [0, 52, 19])
(8, [0])
(10, [0, 83])
(12, [0])
(14, [0])
(16, [0])
(18, [0])
(20, [0])
(22, [0, 12])
(24, [0])
(26, [0, 28, 19])
(28, [0])
(30, [0])
(32, [0])
(34, [0, 2, 1])
(36, [0])
(38, [0])
(40, [0, 36])
(42, [0, 2, 1])
(44, [0, 2, 1])
(46, [0])
(48, [0, 2, 1])
(50, [0, 14])
(52, [0])
(54, [0, 2, 1])
(56, [0, 60, 57])
(58, [0])
(60, [0])
(62, [0, 2, 1])
(64, [0, 84, 336, 81])
(66, [0, 2, 1])
(68, [0, 2, 1])
(70, [0, 2, 1])
(72, [0, 80])
(74, [0, 8])
(76, [0, 2, 1])
(78, [0, 2, 1])
(80, [0, 72, 27])
(82, [0, 2, 1])
(84, [0, 64])
(86, [0, 2, 1])
(88, [0, 2, 1])
(90, [0, 92])
(92, [0, 90])
(94, [0, 2, 1])
(98, [6, 0])
(274, [0, 246])
(444, [14, 0])
(128, [0, 134, 100, 17, 95])
(134, [0, 128, 95])
(150, [0, 128, 96, 122, 95])
(242, [26, 0])
(956, [36, 0])
(112, [2])
(130, [2, 112, 95])
(96, [98, 102, 95])
(100, [96, 128, 95])
(102, [96])
(104, [96, 95])
(106, [96, 17])
(108, [96, 17])
(110, [96, 116, 118, 140])
(114, [96, 17])
(116, [96, 110, 109])
(118, [96, 110, 109])
(120, [96, 104, 95])
(122, [96, 120, 150, 95])
(124, [96, 17])
(126, [96])
(132, [96, 17])
(136, [96, 17])
(138, [96, 166, 17])
(140, [96, 110, 109])
(142, [96, 164, 95])
(144, [96, 110, 95])
(146, [96, 110, 95])
(148, [96, 17])
(152, [96, 17])
(154, [96, 17])
(156, [96, 104, 95])
(158, [96, 17, 169])
(160, [96, 120, 122, 95])
(162, [96, 17])
(164, [96, 120, 95])
(166, [96, 138, 95])
(168, [96, 138, 17])
(170, [96, 122, 115])
(172, [96, 17])
(174, [96, 17])
(176, [96, 17])
(178, [96, 120, 97])
(180, [96, 17])
(182, [96, 95])
(184, [96, 95, 17])
(186, [96, 17])
(188, [96, 17])
(190, [96, 17])
(192, [96, 120, 95])
(194, [96, 17])
(926, [242, 19])
(522, [576, 560, 621])
(576, [522])
(606, [522])
(614, [522, 576])
(934, [956, 36, 942])
(352, [64, 0, 336, 343])
(336, [64, 728, 343, 381, 387])
(858, [64])
(368, [352, 336])
(682, [64, 336])
(702, [64, 682])
(728, [64, 336, 656])
(450, [74, 0])
(364, [0, 372, 365])
(560, [522])
(376, [84, 336])
(382, [84, 336, 352])
(822, [84, 93])
(656, [84, 728, 778, 385])
(476, [0])
(962, [0])
(318, [476, 320, 87])
(758, [0, 768])
(696, [0, 728, 677])
(384, [728, 656, 394, 343, 385])
(770, [728, 384, 656])
(778, [728, 384, 656])
(820, [728, 384, 656])
(670, [758, 768])
(762, [758, 670, 336, 390])
(768, [758, 670, 656])
(742, [670, 668])
(196, [104, 120, 95])
(240, [110, 95])
(200, [122, 150, 95])
(214, [142, 95])
(226, [146, 128, 100, 95])
(218, [158, 166, 95])
(210, [544, 95])
(544, [210, 576])
(204, [168, 134, 95])
(394, [704, 656, 384, 378, 390, 385])
(704, [394, 656, 336])
(690, [704, 394, 384, 672])
(612, [544, 522])
(638, [186, 528, 522])
(198, [250, 191])
(250, [198, 246])
(420, [198, 418, 422, 415])
(482, [198, 506, 508, 485])
(506, [198, 482])
(624, [198, 503])
(526, [522, 524])
(208, [626, 961])
(626, [208, 934])
(338, [336])
(350, [338, 336, 362])
(362, [338, 336, 350])
(660, [242, 656])
(246, [248, 254, 266])
(248, [246])
(252, [246])
(254, [246])
(256, [246])
(258, [246, 262])
(260, [246, 248, 247])
(262, [246, 258])
(264, [246, 252, 247])
(266, [246])
(268, [246, 250, 247])
(270, [246, 252])
(272, [246, 250, 247])
(276, [246, 266])
(278, [246])
(548, [250, 246])
(438, [246])
(280, [282, 284])
(282, [280])
(284, [280])
(286, [280, 282, 281])
(288, [280])
(290, [280])
(292, [280])
(294, [280])
(296, [280])
(298, [280, 290, 287])
(300, [280, 282, 281])
(302, [280, 282, 281])
(304, [280, 284])
(306, [280, 282, 281])
(308, [280])
(310, [280, 282, 281])
(312, [280])
(314, [280, 282, 281])
(754, [286, 280])
(320, [318])
(322, [318])
(324, [318])
(536, [576, 522, 559])
(572, [576, 522])
(590, [576, 522])
(620, [576, 522, 536])
(326, [328, 332])
(328, [326])
(330, [326, 331])
(332, [326])
(334, [326, 328, 327])
(340, [336, 338, 337])
(342, [336, 338, 337])
(344, [336, 338, 337])
(346, [336, 338, 337])
(348, [336, 338, 337])
(354, [336, 338, 337])
(356, [336])
(358, [336, 338, 337])
(360, [336, 338, 337])
(366, [336, 338, 337, 351])
(370, [336, 338, 337])
(372, [336, 364])
(374, [336, 338, 337])
(378, [336, 390, 339])
(380, [336, 338, 337])
(386, [336])
(388, [336, 386, 339])
(390, [336, 371])
(392, [336, 338, 337])
(396, [336, 338, 337])
(546, [336])
(708, [336])
(672, [336, 728, 690])
(732, [336, 385, 739])
(824, [370, 336])
(680, [336, 656])
(658, [336, 390, 699])
(706, [336, 658])
(562, [522])
(556, [708, 656])
(766, [672, 656])
(698, [672, 656])
(786, [656, 367])
(714, [656])
(692, [656])
(736, [656, 728, 692])
(756, [368, 656])
(566, [522])
(608, [522, 566])
(664, [656])
(674, [656])
(398, [400, 402, 404])
(400, [398, 399])
(402, [398])
(404, [398])
(406, [398, 400, 399])
(408, [398])
(410, [398, 402])
(412, [414, 411])
(414, [412, 411])
(416, [418, 417])
(418, [416, 420, 422, 415])
(422, [416, 418, 426, 415])
(424, [416, 418, 420, 417])
(426, [416, 418, 420, 422])
(428, [416, 418])
(430, [416])
(432, [416, 418, 422, 415, 419])
(434, [416, 418, 420, 415, 417])
(436, [416, 418, 434, 417])
(440, [438])
(442, [438, 14])
(446, [438, 448])
(448, [438, 446])
(452, [438])
(454, [438])
(456, [438])
(458, [438])
(460, [438, 437])
(462, [464, 466, 468, 474, 465])
(464, [462, 466, 463])
(466, [462])
(468, [462])
(470, [462, 464, 463])
(472, [462, 464, 463])
(474, [462])
(484, [482, 486, 483])
(486, [482, 484, 483])
(488, [482])
(490, [482, 484, 483])
(492, [482])
(494, [482, 484, 483])
(496, [482, 484, 483])
(498, [482, 520, 485])
(500, [482, 484, 483])
(502, [482, 484, 483])
(504, [482])
(508, [482])
(510, [482, 484, 483])
(512, [482, 488])
(514, [482, 484, 483])
(516, [482, 484, 483])
(518, [482, 484, 483])
(520, [482])
(524, [522, 540, 537])
(528, [522, 524])
(530, [522])
(532, [522, 524, 523])
(534, [522, 524, 523])
(538, [522, 560])
(540, [522])
(542, [522, 524, 523])
(550, [522])
(552, [522, 524, 523])
(554, [522])
(558, [522, 524])
(564, [522, 524, 523])
(568, [522, 524, 523])
(570, [522])
(574, [522])
(578, [522, 6, 571])
(580, [522, 553])
(582, [522, 524, 523])
(584, [522, 524, 523])
(586, [522, 524, 602, 527])
(588, [522, 544])
(592, [522])
(594, [522, 604])
(596, [522, 524, 523])
(598, [522])
(600, [522])
(602, [522, 586, 527])
(604, [522, 594])
(610, [522, 524, 523])
(616, [522])
(618, [522])
(622, [522])
(636, [522])
(640, [522])
(752, [556, 522, 708, 668])
(972, [522])
(630, [560, 522])
(628, [522])
(880, [576])
(958, [638, 947])
(642, [644, 643])
(644, [642])
(646, [642])
(648, [642, 650, 645])
(650, [642, 648, 645])
(652, [642])
(654, [642, 644])
(662, [656, 658, 657])
(666, [656, 694])
(668, [656, 686])
(676, [656, 670])
(678, [656])
(684, [656, 678])
(686, [656, 668])
(688, [656])
(694, [656, 658, 666])
(700, [656, 658, 657])
(710, [656, 658, 657])
(712, [656, 658, 657])
(716, [656, 658, 657])
(718, [656, 658, 657])
(720, [656, 658, 698])
(722, [656, 658, 657])
(724, [656, 670, 692])
(726, [656, 692])
(730, [656])
(734, [656, 724])
(738, [656, 658, 657])
(740, [656])
(744, [656])
(746, [656])
(748, [656, 658, 728, 705])
(750, [656, 658, 657])
(776, [670, 656, 758, 768])
(804, [656])
(760, [680, 656])
(918, [686, 656, 916, 911])
(832, [688, 656])
(792, [656])
(774, [692, 656])
(806, [656, 774])
(790, [698, 656, 736])
(834, [656])
(808, [726, 656])
(782, [656])
(826, [690, 758, 776])
(764, [690])
(788, [760, 680])
(802, [770, 728, 705])
(828, [790, 698])
(838, [726, 692])
(916, [918, 911])
(920, [918, 916, 911])
(840, [842, 841])
(842, [840, 844, 839])
(844, [840, 842, 839])
(846, [840, 842, 839])
(848, [840, 842, 839])
(850, [840, 844, 841])
(852, [840, 842, 841])
(854, [856, 855])
(856, [854])
(860, [862, 861])
(862, [860])
(864, [866, 876, 869])
(866, [864])
(868, [864])
(870, [864, 868, 865])
(872, [864])
(874, [864, 866])
(876, [864])
(878, [864])
(882, [884, 886, 890])
(884, [882, 890, 883])
(886, [882])
(888, [882])
(890, [882])
(892, [882, 884, 883])
(894, [882])
(896, [882])
(898, [882, 894, 887])
(900, [882, 884, 883])
(902, [882, 883])
(904, [882])
(906, [882, 886, 883])
(908, [910, 909])
(910, [908, 909])
(912, [914, 913])
(914, [912])
(922, [912, 911, 915])
(924, [926, 925, 439])
(928, [930, 929])
(930, [928])
(932, [928])
(936, [934, 938, 935])
(938, [934, 936, 935])
(940, [934, 936, 935])
(942, [934])
(944, [934, 936, 935])
(946, [934, 936, 935])
(948, [934])
(950, [934])
(952, [934])
(954, [934, 936, 935])
(960, [934, 989])
(964, [934, 988])
(966, [934, 951])
(968, [934, 936, 935])
(970, [934, 936, 935])
(974, [934, 936, 935])
(976, [934, 936, 935])
(978, [934, 936, 935])
(980, [934, 936, 935])
(982, [934, 936, 935])
(984, [934, 936, 935])
(986, [934, 936, 935])
(988, [934, 964])
(990, [934])
(992, [934, 936, 935])
(994, [934, 936, 935])
(996, [934])
(998, [934, 936, 935])
(220, [111, 95, 13])
(202, [627, 19])
(222, [229])
(316, [315])
(478, [477])
(480, [481])
(772, [803])
