(1, [3, 5, 0])
(3, [1, 29, 0])
(5, [1, 0])
(7, [1])
(9, [1])
(11, [1])
(13, [1, 15, 0])
(15, [1, 13, 0])
(17, [1, 53, 95, 0])
(19, [1, 0])
(21, [1, 63, 0])
(23, [1])
(25, [1])
(27, [1, 15, 0])
(29, [1, 3, 89, 0])
(31, [1])
(33, [1])
(35, [1])
(37, [1, 27])
(39, [1, 43])
(41, [1, 3, 55])
(43, [1, 39, 0])
(45, [1])
(47, [1])
(49, [1])
(51, [1])
(53, [1, 17, 83, 0])
(55, [1, 3, 41])
(57, [1, 59, 0])
(59, [1, 57, 0])
(61, [1, 57, 56])
(63, [1, 21, 0])
(65, [1])
(67, [1, 17, 0])
(69, [1])
(71, [1])
(73, [1])
(75, [1])
(77, [1, 15, 8])
(79, [1, 522])
(81, [1, 64])
(83, [1, 3, 53, 85, 0])
(85, [1, 3, 53, 83, 0])
(87, [1])
(89, [1, 3, 29, 83, 0])
(91, [1, 63, 6])
(93, [1, 385, 84])
(135, [1, 5, 117])
(623, [1, 5, 543, 0])
(629, [1, 5, 0])
(117, [135, 95])
(543, [21, 575])
(575, [21, 543, 522])
(111, [13, 27, 129])
(129, [13, 27, 111, 97, 96])
(95, [17, 97, 99, 181, 233, 150])
(439, [19, 17, 0])
(627, [19, 17, 0])
(573, [31, 545, 619, 621, 522])
(125, [15, 123, 4, 0])
(97, [95])
(99, [95])
(101, [95, 17, 0])
(103, [95, 17])
(105, [95, 17])
(107, [95, 17, 109])
(109, [95, 107, 189, 110, 140])
(113, [95, 17])
(115, [95, 122])
(119, [95, 17])
(121, [95, 17, 142])
(123, [95, 17, 125])
(127, [95])
(131, [95, 17, 100])
(133, [95, 17])
(137, [95, 17, 146])
(139, [95, 17, 97])
(141, [95, 17])
(143, [95, 17])
(145, [95, 17])
(147, [95, 17])
(149, [95, 99])
(151, [95, 17])
(153, [95, 17])
(155, [95])
(157, [95, 17])
(159, [95])
(161, [95, 17, 166])
(163, [95, 17])
(165, [95, 17, 97, 96])
(167, [95, 17])
(169, [95])
(171, [95, 17, 127])
(173, [95, 17])
(175, [95, 17])
(177, [95, 17])
(179, [95, 17, 104])
(181, [95])
(183, [95, 17])
(185, [95])
(187, [95, 185])
(189, [95])
(191, [95, 17])
(193, [95])
(243, [17])
(233, [17, 95])
(437, [439, 19, 447])
(975, [439, 19])
(545, [573, 559, 522])
(615, [573, 545, 523, 522])
(337, [339, 0, 352])
(339, [337, 371, 84, 336])
(371, [337, 339, 336, 656, 390])
(451, [337, 0])
(343, [337, 359, 352, 336])
(663, [337, 343, 339, 84, 64])
(381, [339, 387, 371, 739, 336])
(387, [339, 381, 385, 336])
(359, [81, 339, 343])
(377, [371, 343, 336])
(385, [371, 387, 656])
(719, [371, 377, 385, 336])
(523, [79, 547, 527, 524])
(547, [79, 523])
(621, [523, 79, 545, 573, 522])
(341, [81, 337])
(957, [87])
(783, [93, 343, 0])
(795, [93, 343, 753, 728, 656])
(265, [93, 261, 246])
(363, [93, 343, 371, 336])
(677, [93, 363, 371])
(691, [93, 677, 667, 656])
(695, [93, 735])
(735, [93, 363, 385, 699, 656])
(747, [93, 677])
(753, [93, 759, 693])
(759, [93, 753, 789, 768, 656])
(789, [93, 753, 759])
(757, [795, 93])
(775, [795, 93, 670])
(825, [795, 93, 759, 693, 670])
(221, [99, 95])
(213, [107, 95, 110])
(245, [107, 95])
(209, [151, 95])
(231, [157, 95])
(217, [111])
(503, [191, 95, 485])
(199, [621, 522])
(207, [211])
(211, [207])
(223, [995, 975, 336])
(995, [223, 935, 338])
(667, [439, 691])
(247, [249, 251, 246])
(249, [247])
(251, [247, 255, 254])
(253, [247])
(255, [247, 251, 246])
(257, [247, 255, 246])
(259, [247, 255])
(261, [247, 246])
(263, [247])
(267, [247, 246, 250])
(269, [247])
(271, [247])
(273, [247])
(275, [247])
(277, [247, 246, 256])
(279, [247, 265, 246])
(985, [273, 935, 246])
(821, [265, 246])
(351, [253, 79, 336])
(281, [283])
(283, [281, 280])
(285, [281, 287, 280])
(287, [281, 285, 280])
(289, [281, 285, 299, 290])
(291, [281])
(293, [281])
(295, [281])
(297, [281, 280])
(299, [281, 285, 280])
(301, [281, 285, 287])
(303, [281, 280])
(305, [281, 280, 312])
(307, [281])
(309, [281])
(311, [281])
(313, [281])
(317, [319, 323, 318])
(319, [317, 321, 318])
(321, [317, 319, 318])
(323, [317])
(325, [317, 319, 318])
(475, [317])
(479, [323, 317])
(559, [325, 545, 597, 531, 522])
(597, [325, 545, 559, 619, 522])
(601, [325, 545, 559, 619])
(619, [325, 545, 559, 597, 522])
(881, [325])
(327, [329, 326])
(329, [327, 326])
(331, [327, 326, 330])
(333, [327])
(335, [327, 329])
(345, [337])
(347, [337])
(349, [337, 383])
(353, [337])
(355, [337, 367])
(357, [337])
(361, [337, 385])
(365, [337, 336, 364])
(367, [337, 355, 385, 728, 656])
(369, [337])
(373, [337])
(375, [337])
(379, [337, 367])
(383, [337, 349])
(389, [337, 339])
(391, [337])
(393, [337])
(395, [337])
(397, [337, 336])
(541, [79, 531, 522])
(699, [367, 735])
(685, [343, 673])
(671, [377, 371, 336])
(595, [385, 367, 555, 522])
(681, [385, 367, 677, 658, 656])
(739, [385])
(853, [339])
(745, [343])
(763, [343])
(633, [615, 351])
(457, [437, 439, 336])
(577, [457, 437, 362])
(583, [541, 523, 364, 560])
(767, [735, 367])
(761, [685, 673, 693, 368, 656])
(705, [677, 807, 728])
(773, [677, 385])
(797, [677, 385, 656])
(769, [385, 93])
(399, [401, 398])
(401, [399, 398])
(403, [399, 398])
(405, [399])
(407, [399, 398])
(409, [399, 398])
(411, [413])
(413, [411])
(415, [417, 419, 421, 422])
(417, [415])
(419, [415])
(421, [415])
(423, [415])
(425, [415])
(427, [415, 421])
(429, [415, 419, 418])
(431, [415, 417, 416])
(433, [415])
(435, [415, 417])
(441, [437, 439, 438])
(443, [437, 439, 438])
(445, [437, 439, 438])
(447, [437])
(449, [437, 439, 438])
(453, [437, 439, 438])
(455, [437, 439, 438])
(459, [437, 439, 438])
(461, [437])
(549, [453, 437])
(569, [455, 437])
(589, [577, 457])
(463, [465, 462, 474])
(465, [463, 473, 462])
(467, [463])
(469, [463, 462])
(471, [463])
(473, [463, 465])
(483, [485, 484])
(485, [483, 491, 499, 505, 482])
(487, [483])
(489, [483, 491, 488])
(491, [483, 485, 482])
(493, [483])
(495, [483])
(497, [483, 485, 482, 520])
(499, [483, 485, 482])
(501, [483])
(505, [483, 485, 482])
(507, [483, 485])
(509, [483, 485, 505])
(511, [483, 489, 488])
(513, [483])
(515, [483, 485])
(517, [483, 489, 488])
(519, [483])
(521, [483, 485, 482])
(525, [523, 522])
(527, [523])
(529, [523, 581, 621, 570])
(531, [523, 537, 522])
(533, [523])
(535, [523])
(537, [523, 531, 522, 524])
(539, [523])
(551, [523, 522])
(553, [523, 522, 580])
(555, [523, 531, 537, 522])
(557, [523, 531, 524])
(561, [523])
(563, [523, 531, 565, 522])
(565, [523, 531, 563, 522])
(567, [523, 531, 522])
(571, [523, 621, 578])
(579, [523, 527, 522])
(581, [523, 529, 621, 522])
(585, [523])
(587, [523, 531, 522])
(591, [523, 621, 522])
(593, [523])
(599, [523])
(603, [523, 522, 600])
(605, [523, 522])
(607, [523])
(609, [523, 621])
(611, [523])
(613, [523, 621, 544])
(617, [523, 621, 576])
(639, [529, 601, 522])
(779, [591, 656])
(955, [961, 935, 626])
(961, [955, 935, 208])
(947, [987, 951])
(987, [947, 935, 937, 934])
(951, [987, 947, 934])
(643, [645, 647, 642])
(645, [643, 642])
(647, [643, 642])
(649, [643])
(651, [643, 653])
(653, [643, 651])
(655, [643, 651])
(657, [659, 658])
(659, [657])
(661, [657])
(665, [657])
(669, [657])
(673, [657, 685])
(675, [657])
(679, [657])
(683, [657, 656, 674])
(687, [657])
(689, [657])
(693, [657, 737, 749, 753])
(697, [657])
(701, [657, 383, 668])
(703, [657])
(707, [657])
(709, [657])
(711, [657, 715])
(713, [657])
(715, [657, 711])
(717, [657])
(721, [657, 656, 670])
(723, [657])
(725, [657, 685, 656])
(727, [657, 699, 656])
(729, [657, 336])
(731, [657, 685, 656])
(733, [657])
(737, [657, 693, 672])
(741, [657])
(743, [657])
(749, [657, 693])
(751, [657, 693, 692])
(755, [657, 677, 670])
(771, [729, 656])
(829, [753, 759])
(823, [383])
(805, [759, 693])
(807, [705])
(799, [745, 656])
(791, [753, 721, 693, 656, 670])
(833, [759, 693, 690, 672])
(765, [827])
(827, [765])
(831, [705])
(781, [759])
(787, [829, 693, 670, 768])
(777, [693])
(815, [807, 797, 726, 692])
(839, [841])
(841, [839])
(843, [839])
(845, [839])
(847, [839, 843, 842])
(849, [839, 841, 840])
(851, [839, 841, 840])
(855, [853, 857, 854])
(857, [853, 855, 854])
(859, [853, 855, 854])
(861, [863, 860])
(863, [861])
(865, [867, 864])
(867, [865, 864])
(869, [865, 875, 864])
(871, [865, 869, 864])
(873, [865, 864])
(875, [865, 869, 864])
(877, [865, 869, 864])
(879, [865, 869, 864])
(883, [885, 887, 882])
(885, [883, 895, 897, 882])
(887, [883, 882])
(889, [883, 891, 893, 882])
(891, [883, 889, 882])
(893, [883, 889])
(895, [883, 885, 882, 888])
(897, [883, 885, 882])
(899, [883, 889, 882])
(901, [883])
(903, [883, 882, 894])
(905, [883, 889, 891, 899])
(907, [883, 882, 888])
(911, [913])
(913, [911])
(915, [911, 919])
(917, [911, 913])
(919, [911])
(921, [911, 913, 912])
(923, [911])
(927, [929, 928])
(929, [927, 931, 928])
(931, [927, 929, 928])
(933, [927, 929, 928])
(935, [937, 936])
(937, [935, 941])
(939, [935, 943])
(941, [935, 937, 934])
(943, [935, 939, 945, 934])
(945, [935, 939, 943, 934])
(949, [935, 939])
(953, [935])
(959, [935])
(963, [935])
(965, [935])
(967, [935])
(969, [935, 939])
(971, [935, 934])
(973, [935, 934])
(977, [935])
(979, [935])
(981, [935])
(983, [935])
(989, [935, 934, 960])
(991, [935])
(993, [935])
(997, [935])
(999, [935])
(229, [222])
(315, [316])
(477, [478])
(481, [480])
(803, [772])
(909, [908, 910])
(925, [924, 926])
